              1             0             0          1030             0
   6
    0.0000000000000000D+00   0.0000000000000000D+00   0.0000000000000000D+00
    0.3200000000000000D+02   0.1300000000000000D+02   0.1800000000000000D+02
   1
    0.1000000000000000D+01
              1             0             0          1050             0
  39
              3            14             4           171            10
              2           231            13             2           309
             11             1           342             8             1
            366             7             1           387             6
              1           405             6             1           423
              6             1           441            13             8
            753            11             2           819            10
              4           899            10             4
  39
              3            14             4           171            10
              2           231            13             2           309
             11             1           342             8             1
            366             7             1           387             6
              1           405             6             1           423
              6             1           441            13             8
            753            11             2           819            10
              4           899            10             4
   1
     1072693248
              1             0             0          1070             0
