     1 181201 210109 300.0000000000000000    41.97573417895368    65.68619082349369   450.   20.0
     2 181201 210119 300.0000000000000000    41.33848907297454    65.60475878587080   450.   20.0
     3 181201 210129 300.0000000000000000    40.70115460710623    65.52409108922507   450.   20.0
     4 181201 210139 300.0000000000000000    40.06373172326533    65.44415653997603   450.   20.0
     5 181201 210149 300.0000000000000000    39.42622138073292    65.36492546266602   450.   20.0
     6 181201 210059 300.0000000000000000    42.61288898798450    65.76842001264241   450.   20.0
     7 181201 210049 300.0000000000000000    43.24995258137458    65.85148089574227   450.   20.0
     8 181201 210039 300.0000000000000000    43.88692405950550    65.93540987056437   450.   20.0
     9 181201 210029 300.0000000000000000    44.52380253235002    66.02024531657104   450.   20.0
    10 181201 210019 300.0000000000000000    45.16058711700316    66.10602773581029   450.   20.0
    11 181201 210149 300.0000000000000000    39.42622132278932    65.36492543657707   450.   20.0
    12 181201 210139 300.0000000000000000    40.06373168817252    65.44415652556265   450.   20.0
    13 181201 210129 300.0000000000000000    40.70115459115419    65.52409108311689   450.   20.0
    14 181201 210119 300.0000000000000000    41.33848906965129    65.60475878463032   450.   20.0
    15 181201 210059 300.0000000000000000    42.61288899003188    65.76842001383875   450.   20.0
    16 181201 210049 300.0000000000000000    43.24995258771881    65.85148090154681   450.   20.0
    17 181201 210039 300.0000000000000000    43.88692406867561    65.93540988425654   450.   20.0
    18 181201 210029 300.0000000000000000    44.52380253914109    66.02024534125931   450.   20.0
    19 181201 210019 300.0000000000000000    45.16058711239060    66.10602777437916   450.   20.0
    20 181201 210149 300.0000000000000000    39.42622132279624    65.36492543658080   450.   20.0
    21 181201 210139 300.0000000000000000    40.06373168817501    65.44415652556380   450.   20.0
    22 181201 210129 300.0000000000000000    40.70115459115471    65.52409108311710   450.   20.0
    23 181201 210119 300.0000000000000000    41.33848906965133    65.60475878463033   450.   20.0
    24 181201 210059 300.0000000000000000    42.61288899003183    65.76842001383874   450.   20.0
    25 181201 210049 300.0000000000000000    43.24995258771805    65.85148090154657   450.   20.0
    26 181201 210039 300.0000000000000000    43.88692406867085    65.93540988425518   450.   20.0
    27 181201 210029 300.0000000000000000    44.52380253912287    66.02024534125454   450.   20.0
    28 181201 210019 300.0000000000000000    45.16058711233551    66.10602777436618   450.   20.0
    29 181201 210149 300.0000000000000000    39.42622132279624    65.36492543658080   450.   20.0
    30 181201 210139 300.0000000000000000    40.06373168817500    65.44415652556380   450.   20.0
    31 181201 210129 300.0000000000000000    40.70115459115471    65.52409108311710   450.   20.0
    32 181201 210119 300.0000000000000000    41.33848906965134    65.60475878463033   450.   20.0
    33 181201 210059 300.0000000000000000    42.61288899003183    65.76842001383874   450.   20.0
    34 181201 210049 300.0000000000000000    43.24995258771805    65.85148090154657   450.   20.0
    35 181201 210039 300.0000000000000000    43.88692406867084    65.93540988425518   450.   20.0
    36 181201 210029 300.0000000000000000    44.52380253912286    66.02024534125455   450.   20.0
    37 181201 210019 300.0000000000000000    45.16058711233549    66.10602777436618   450.   20.0
    38 181201 210149 300.0000000000000000    39.42622132279624    65.36492543658080   450.   20.0
    39 181201 210139 300.0000000000000000    40.06373168817500    65.44415652556380   450.   20.0
    40 181201 210129 300.0000000000000000    40.70115459115471    65.52409108311710   450.   20.0
    41 181201 210119 300.0000000000000000    41.33848906965134    65.60475878463033   450.   20.0
    42 181201 210059 300.0000000000000000    42.61288899003183    65.76842001383874   450.   20.0
    43 181201 210049 300.0000000000000000    43.24995258771805    65.85148090154657   450.   20.0
    44 181201 210039 300.0000000000000000    43.88692406867084    65.93540988425518   450.   20.0
    45 181201 210029 300.0000000000000000    44.52380253912286    66.02024534125455   450.   20.0
    46 181201 210019 300.0000000000000000    45.16058711233549    66.10602777436618   450.   20.0
    47 181201 210159 300.0000000000000000    38.78862447546184    65.28636956353171   450.   20.0
    48 181201 210209 300.0000000000000000    38.15094214762712    65.20846198855249   450.   20.0
    49 181201 210219 300.0000000000000000    37.51317535914727    65.13117704642647   450.   20.0
    50 181201 210229 300.0000000000000000    36.87532515666786    65.05449024971621   450.   20.0
    51 181201 210239 300.0000000000000000    36.23739260824961    64.97837821755598   450.   20.0
    52 181201 210249 300.0000000000000000    35.59937881070282    64.90281861079620   450.   20.0
    53 181201 210259 300.0000000000000000    34.96128488837329    64.82779007057906   450.   20.0
    54 181201 210309 300.0000000000000000    34.32311199437096    64.75327216139192   450.   20.0
    55 181201 210319 300.0000000000000000    33.68486131059949    64.67924531783720   450.   20.0
    56 181201 210329 300.0000000000000000    33.04653404710700    64.60569079493560   450.   20.0
    57 181201 210339 300.0000000000000000    32.40813144152552    64.53259062170760   450.   20.0
    58 181201 210349 300.0000000000000000    31.76965475859892    64.45992755780104   450.   20.0
    59 181201 210359 300.0000000000000000    31.13110529007911    64.38768505287791   450.   20.0
    60 181201 210409 300.0000000000000000    30.49248435493834    64.31584720859902   450.   20.0
    61 181201 210419 300.0000000000000000    29.85379329961822    64.24439874297032   450.   20.0
    62 181201 210429 300.0000000000000000    29.21503349844825    64.17332495695777   450.   20.0
    63 181201 210439 300.0000000000000000    28.57620635358188    64.10261170304415   450.   20.0
    64 181201 210449 300.0000000000000000    27.93731329559393    64.03224535571775   450.   20.0
    65 181201 210459 300.0000000000000000    27.29835578279877    63.96221278348639   450.   20.0
    66 181201 210509 300.0000000000000000    26.65933530164108    63.89250132261790   450.   20.0
    67 181201 210519 300.0000000000000000    26.02025336617377    63.82309875224014   450.   20.0
    68 181201 210529 300.0000000000000000    25.38111151755938    63.75399327086981   450.   20.0
    69 181201 210539 300.0000000000000000    24.74191132337957    63.68517347421130   450.   20.0
    70 181201 210549 300.0000000000000000    24.10265437751978    63.61662833426445   450.   20.0
    71 181201 210559 300.0000000000000000    23.46334229935405    63.54834717945628   450.   20.0
    72 181201 210609 300.0000000000000000    22.82397673454283    63.48031967605323   450.   20.0
    73 181201 210619 300.0000000000000000    22.18455935454175    63.41253581048780   450.   20.0
    74 181201 210629 300.0000000000000000    21.54509185728534    63.34498587287175   450.   20.0
    75 181201 210639 300.0000000000000000    20.90557596609150    63.27766044122841   450.   20.0
    76 181201 210649 300.0000000000000000    20.26601342982451    63.21055036669066   450.   20.0
    77 181201 210659 300.0000000000000000    19.62640602175378    63.14364675924756   450.   20.0
    78 181201 210709 300.0000000000000000    18.98675553906706    63.07694097423549   450.   20.0
    79 181201 210719 300.0000000000000000    18.34706380224863    63.01042459940458   450.   20.0
    80 181201 210729 300.0000000000000000    17.70733265410147    62.94408944257395   450.   20.0
    81 181201 210739 300.0000000000000000    17.06756395958244    62.87792751993047   450.   20.0
    82 181201 210749 300.0000000000000000    16.42775960455692    62.81193104480732   450.   20.0
    83 181201 210759 300.0000000000000000    15.78792149544534    62.74609241704686   450.   20.0
    84 181201 210809 300.0000000000000000    15.14805155859507    62.68040421282447   450.   20.0
    85 181201 210819 300.0000000000000000    14.50815173929255    62.61485917486537   450.   20.0
    86 181201 210829 300.0000000000000000    13.86822400129569    62.54945020310259   450.   20.0
    87 181201 210839 300.0000000000000000    13.22827032602217    62.48417034570447   450.   20.0
    88 181201 210849 300.0000000000000000    12.58829271168584    62.41901279039503   450.   20.0
    89 181201 210859 300.0000000000000000    11.94829317234618    62.35397085609657   450.   20.0
    90 181201 210909 300.0000000000000000    11.30827373746802    62.28903798489690   450.   20.0
    91 181201 210919 300.0000000000000000    10.66823645054542    62.22420773424121   450.   20.0
    92 181201 210929 300.0000000000000000    10.02818336876888    62.15947376946712   450.   20.0
    93 181201 210939 300.0000000000000000     9.38811656197567    62.09482985654756   450.   20.0
    94 181201 210949 300.0000000000000000     8.74803811178231    62.03026985507078   450.   20.0
    95 181201 210959 300.0000000000000000     8.10795011116865    61.96578771150845   450.   20.0
    96 181201 211009 300.0000000000000000     7.46785466314984    61.90137745253577   450.   20.0
    97 181201 211019 300.0000000000000000     6.82775388020288    61.83703317859130   450.   20.0
    98 181201 211029 300.0000000000000000     6.18764988329868    61.77274905752476   450.   20.0
    99 181201 211039 300.0000000000000000     5.54754480076051    61.70851931832518   450.   20.0
   100 181201 211049 300.0000000000000000     4.90744076720920    61.64433824499896   450.   20.0
   101 181201 211059 300.0000000000000000     4.26733992269501    61.58020017054410   450.   20.0
   102 181201 211109 300.0000000000000000     3.62724441135897    61.51609947101143   450.   20.0
   103 181201 211119 300.0000000000000000     2.98715638040328    61.45203055969526   450.   20.0
   104 181201 211129 300.0000000000000000     2.34707797934427    61.38798788150137   450.   20.0
   105 181201 211139 300.0000000000000000     1.70701135860813    61.32396590731853   450.   20.0
   106 181201 211149 300.0000000000000000     1.06695866898249    61.25995912857389   450.   20.0
   107 181201 211159 300.0000000000000000     0.42692206745945    61.19596205178198   450.   20.0
   108 181201 211209 300.0000000000000000    -0.21309632228429    61.13196919318364   450.   20.0
   109 181201 211219 300.0000000000000000    -0.85309432269500    61.06797507337915   450.   20.0
   110 181201 211229 300.0000000000000000    -1.49306980888008    61.00397421201552   450.   20.0
   111 181201 211239 300.0000000000000000    -2.13302063917466    60.93996112240064   450.   20.0
   112 181201 211249 300.0000000000000000    -2.77294468034737    60.87593030618082   450.   20.0
   113 181201 211259 300.0000000000000000    -3.41283980524375    60.81187624790285   450.   20.0
   114 181201 211309 300.0000000000000000    -4.05270389337215    60.74779340963136   450.   20.0
   115 181201 211319 300.0000000000000000    -4.69253483221646    60.68367622541413   450.   20.0
   116 181201 211329 300.0000000000000000    -5.33233051759517    60.61951909580243   450.   20.0
   117 181201 211339 300.0000000000000000    -5.97208885536588    60.55531638216575   450.   20.0
   118 181201 211349 300.0000000000000000    -6.61180776164281    60.49106240105173   450.   20.0
   119 181201 211359 300.0000000000000000    -7.25148516422750    60.42675141834619   450.   20.0
   120 181201 211409 300.0000000000000000    -7.89111900325837    60.36237764334818   450.   20.0
   121 181201 211419 300.0000000000000000    -8.53070723225760    60.29793522267303   450.   20.0
   122 181201 211429 300.0000000000000000    -9.17024781888733    60.23341823402182   450.   20.0
   123 181201 211439 300.0000000000000000    -9.80973874614885    60.16882067971613   450.   20.0
   124 181201 211449 300.0000000000000000   -10.44917801325001    60.10413648012011   450.   20.0
   125 181201 211459 300.0000000000000000   -11.08856363660403    60.03935946684004   450.   20.0
   126 181201 211509 300.0000000000000000   -11.72789365094668    59.97448337575637   450.   20.0
   127 181201 211519 300.0000000000000000   -12.36716611028420    59.90950183989501   450.   20.0
   128 181201 211529 300.0000000000000000   -13.00637908817123    59.84440838214769   450.   20.0
   129 181201 211539 300.0000000000000000   -13.64553067927373    59.77919640765558   450.   20.0
   130 181201 211549 300.0000000000000000   -14.28461899894387    59.71385919609028   450.   20.0
   131 181201 211559 300.0000000000000000   -14.92364218474748    59.64838989344766   450.   20.0
   132 181201 211609 300.0000000000000000   -15.56259839653762    59.58278150366407   450.   20.0
   133 181201 211619 300.0000000000000000   -16.20148581762153    59.51702687978256   450.   20.0
   134 181201 211629 300.0000000000000000   -16.84030265521380    59.45111871481794   450.   20.0
   135 181201 211639 300.0000000000000000   -17.47904714150710    59.38504953220295   450.   20.0
   136 181201 211649 300.0000000000000000   -18.11771753437030    59.31881167582048   450.   20.0
   137 181201 211659 300.0000000000000000   -18.75631211794503    59.25239729961603   450.   20.0
   138 181201 211709 300.0000000000000000   -19.39482920344719    59.18579835672015   450.   20.0
   139 181201 211719 300.0000000000000000   -20.03326712963648    59.11900658808980   450.   20.0
   140 181201 211729 300.0000000000000000   -20.67162426335694    59.05201351063391   450.   20.0
   141 181201 211739 300.0000000000000000   -21.30989900031997    58.98481040470232   450.   20.0
   142 181201 211749 300.0000000000000000   -21.94808976539897    58.91738830102901   450.   20.0
   143 181201 211759 300.0000000000000000   -22.58619501333058    58.84973796696945   450.   20.0
   144 181201 211809 300.0000000000000000   -23.22421322948022    58.78184989201730   450.   20.0
   145 181201 211819 300.0000000000000000   -23.86214292975628    58.71371427262241   450.   20.0
   146 181201 211829 300.0000000000000000   -24.49998266175934    58.64532099607901   450.   20.0
   147 181201 211839 300.0000000000000000   -25.13773100479800    58.57665962361400   450.   20.0
   148 181201 211849 300.0000000000000000   -25.77538657015475    58.50771937250824   450.   20.0
   149 181201 211859 300.0000000000000000   -26.41294800165736    58.43848909715813   450.   20.0
   150 181201 211909 300.0000000000000000   -27.05041397564727    58.36895726911035   450.   20.0
   151 181201 211919 300.0000000000000000   -27.68778320084881    58.29911195591671   450.   20.0
   152 181201 211929 300.0000000000000000   -28.32505441865715    58.22894079871747   450.   20.0
   153 181201 211939 300.0000000000000000   -28.96222640267233    58.15843098853659   450.   20.0
   154 181201 211949 300.0000000000000000   -29.59929795883517    58.08756924110266   450.   20.0
   155 181201 211959 300.0000000000000000   -30.23626792500458    58.01634177021061   450.   20.0
   156 181201 212009 300.0000000000000000   -30.87313517116145    57.94473425938671   450.   20.0
   157 181201 212019 300.0000000000000000   -31.50989859904034    57.87273183184407   450.   20.0
   158 181201 212029 300.0000000000000000   -32.14655714235787    57.80031901850001   450.   20.0
   159 181201 212039 300.0000000000000000   -32.78310976657276    57.72747972395095   450.   20.0
   160 181201 212049 300.0000000000000000   -33.41955546879414    57.65419719021331   450.   20.0
   161 181201 212059 300.0000000000000000   -34.05589327782339    57.58045395802494   450.   20.0
   162 181201 212109 300.0000000000000000   -34.69212225349710    57.50623182560638   450.   20.0
   163 181201 212119 300.0000000000000000   -35.32824148663296    57.43151180449141   450.   20.0
   164 181201 212129 300.0000000000000000   -35.96425009864684    57.35627407235200   450.   20.0
   165 181201 212139 300.0000000000000000   -36.60014724071613    57.28049792251055   450.   20.0
   166 181201 212149 300.0000000000000000   -37.23593209338411    57.20416170980350   450.   20.0
   167 181201 212159 300.0000000000000000   -37.87160386589603    57.12724279255734   450.   20.0
   168 181201 212209 300.0000000000000000   -38.50716179473338    57.04971747041086   450.   20.0
   169 181201 212219 300.0000000000000000   -39.14260514321874    56.97156091738652   450.   20.0
   170 181201 212229 300.0000000000000000   -39.77793319971232    56.89274711009190   450.   20.0
   171 181201 212239 300.0000000000000000   -40.41314527656208    56.81324875038813   450.   20.0
   172 181201 212249 300.0000000000000000   -41.04824070866238    56.73303718211782   450.   20.0
   173 181201 212259 300.0000000000000000   -41.68321885152223    56.65208230141569   450.   20.0
   174 181201 212309 300.0000000000000000   -42.31807908006530    56.57035245982873   450.   20.0
   175 181201 212319 300.0000000000000000   -42.95282078623084    56.48781435983548   450.   20.0
   176 181201 212329 300.0000000000000000   -43.58744337737295    56.40443294176995   450.   20.0
   177 181201 212339 300.0000000000000000   -44.22194627389850    56.32017126151221   450.   20.0
   178 181201 212349 300.0000000000000000   -44.85632890691556    56.23499035797543   450.   20.0
   179 181201 212359 300.0000000000000000   -45.49059071566676    56.14884910928713   450.   20.0
   180 181201 212409 300.0000000000000000   -46.12473114514245    56.06170407682975   450.   20.0
   181 181201 212419 300.0000000000000000   -46.75874964196331    55.97350933509036   450.   20.0
   182 181201 212429 300.0000000000000000   -47.39264565363198    55.88421628786174   450.   20.0
   183 181201 212439 300.0000000000000000   -48.02641862103761    55.79377346510923   450.   20.0
   184 181201 212449 300.0000000000000000   -48.66006797934472    55.70212630540622   450.   20.0
   185 181201 212459 300.0000000000000000   -49.29359314933927    55.60921691368722   450.   20.0
   186 181201 212509 300.0000000000000000   -49.92699353562851    55.51498380001684   450.   20.0
   187 181201 212519 300.0000000000000000   -50.56026851963986    55.41936159115220   450.   20.0
   188 181201 212529 300.0000000000000000   -51.19341745511495    55.32228071499651   450.   20.0
   189 181201 212539 300.0000000000000000   -51.82643966019189    55.22366705401765   450.   20.0
   190 181201 212549 300.0000000000000000   -52.45933441172210    55.12344156349453   450.   20.0
   191 181201 212559 300.0000000000000000   -53.09210093739662    55.02151985107238   450.   20.0
   192 181201 212609 300.0000000000000000   -53.72473840603080    54.91781171281210   450.   20.0
   193 181201 212619 300.0000000000000000   -54.35724592038961    54.81222061965003   450.   20.0
   194 181201 212629 300.0000000000000000   -54.98962250540809    54.70464314919390   450.   20.0
   195 181201 212639 300.0000000000000000   -55.62186709738530    54.59496835488290   450.   20.0
   196 181201 212649 300.0000000000000000   -56.25397853187517    54.48307706474036   450.   20.0
   197 181201 212659 300.0000000000000000   -56.88595552902343    54.36884110061065   450.   20.0
   198 181201 212709 300.0000000000000000   -57.51779667836990    54.25212240675486   450.   20.0
   199 181201 212719 300.0000000000000000   -58.14950042131128    54.13277207563368   450.   20.0
   200 181201 212729 300.0000000000000000   -58.78106503116802    54.01062925647030   450.   20.0
   201 181201 212739 300.0000000000000000   -59.41248859152406    53.88551992953852   450.   20.0
   202 181201 212749 300.0000000000000000   -60.04376897171826    53.75725552676798   450.   20.0
   203 181201 212759 300.0000000000000000   -60.67490379853766    53.62563137580664   450.   20.0
   204 181201 212809 300.0000000000000000   -61.30589042477995    53.49042494037737   450.   20.0
   205 181201 212819 300.0000000000000000   -61.93672589514461    53.35139382496427   450.   20.0
   206 181201 212829 300.0000000000000000   -62.56740690352079    53.20827350749335   450.   20.0
   207 181201 212839 300.0000000000000000   -63.19792974878999    53.06077475379987   450.   20.0
   208 181201 212849 300.0000000000000000   -63.82829028222845    52.90858066224312   450.   20.0
   209 181201 212859 300.0000000000000000   -64.45848384485521    52.75134327545959   450.   20.0
   210 181201 212909 300.0000000000000000   -65.08850520311078    52.58867968085328   450.   20.0
   211 181201 212919 300.0000000000000000   -65.71834846220297    52.42016751326261   450.   20.0
   212 181201 212929 300.0000000000000000   -66.34800697989684    52.24533974277511   450.   20.0
   213 181201 212939 300.0000000000000000   -66.97747325662741    52.06367861889055   450.   20.0
   214 181201 212949 300.0000000000000000   -67.60673880905897    51.87460860427360   450.   20.0
   215 181201 212959 300.0000000000000000   -68.23579402731903    51.67748809527191   450.   20.0
   216 181201 213009 300.0000000000000000   -68.86462800019093    51.47159968389467   450.   20.0
   217 181201 213019 300.0000000000000000   -69.49322831251180    51.25613864976025   450.   20.0
   218 181201 213029 300.0000000000000000   -70.12158080403239    51.03019929805667   450.   20.0
   219 181201 213039 300.0000000000000000   -70.74966928059911    50.79275865989698   450.   20.0
   220 181201 213049 300.0000000000000000   -71.37747516809091    50.54265694311268   450.   20.0
   221 181201 213059 300.0000000000000000   -72.00497709453113    50.27857395528216   450.   20.0
   222 181201 213109 300.0000000000000000   -72.63215038465036    49.99900050113627   450.   20.0
   223 181201 213119 300.0000000000000000   -73.25896643016816    49.70220346475573   450.   20.0
   224 181201 213129 300.0000000000000000   -73.88539194022675    49.38618289766529   450.   20.0
   225 181201 213139 300.0000000000000000   -74.51138798515146    49.04861890475853   450.   20.0
   226 181201 213149 300.0000000000000000   -75.13690881577585    48.68680540271809   450.   20.0
   227 181201 213159 300.0000000000000000   -75.76190037276385    48.29756683060425   450.   20.0
   228 181201 213209 300.0000000000000000   -76.38629839247605    47.87715250693827   450.   20.0
   229 181201 213219 300.0000000000000000   -77.01002597374575    47.42110137345349   450.   20.0
   230 181201 213229 300.0000000000000000   -77.63299042142604    46.92406706556769   450.   20.0
   231 181201 213239 300.0000000000000000   -78.25507910439229    46.37958919436791   450.   20.0
   232 181201 213249 300.0000000000000000   -78.87615395050997    45.77979075980707   450.   20.0
   233 181201 213259 300.0000000000000000   -79.49604403315206    45.11497269866354   450.   20.0
   234 181201 213309 300.0000000000000000   -80.11453543696119    44.37306303731398   450.   20.0
   235 181201 213319 300.0000000000000000   -80.73135717931308    43.53885720098144   450.   20.0
   236 181201 213329 300.0000000000000000   -81.34616130055663    42.59295311789827   450.   20.0
   237 181201 213339 300.0000000000000000   -81.95849414981075    41.51023198324594   450.   20.0
   238 181201 213349 300.0000000000000000   -82.56775406659933    40.25764932581282   450.   20.0
   239 181201 213359 300.0000000000000000   -83.17312750409688    38.79095762404203   450.   20.0
   240 181201 213409 300.0000000000000000   -83.77349004263122    37.04973970649595   450.   20.0
   241 181201 213419 300.0000000000000000   -84.36724851732555    34.94972085625376   450.   20.0
   242 181201 213429 300.0000000000000000   -84.95208132690604    32.37063593424240   450.   20.0
   243 181201 213439 300.0000000000000000   -85.52449737119963    29.13682846587673   450.   20.0
   244 181201 213449 300.0000000000000000   -86.07906399394480    24.98633624980341   450.   20.0
   245 181201 213459 300.0000000000000000   -86.60702677961349    19.52394550259945   450.   20.0
   246 181201 213509 300.0000000000000000   -87.09385870837575    12.16240353682526   450.   20.0
   247 181201 213519 300.0000000000000000   -87.51527285399605     2.10427959166868   450.   20.0
   248 181201 213529 300.0000000000000000   -87.83277282707527   -11.42211176590590   450.   20.0
   249 181201 213539 300.0000000000000000   -87.99634007932754   -28.27023323128888   450.   20.0
   250 181201 213549 300.0000000000000000   -87.96844878089892   -46.27717740523540   450.   20.0
   251 181201 213559 300.0000000000000000   -87.75622651469945   -62.30759680395553   450.   20.0
   252 181201 213609 300.0000000000000000   -87.40449901240198   -74.80172902154320   450.   20.0
   253 181201 213619 300.0000000000000000   -86.96132526811166   -84.00722403947937   450.   20.0
   254 181201 213629 300.0000000000000000   -86.46088815135930   -90.75821322834065   450.   20.0
   255 181201 213639 300.0000000000000000   -85.92422044836751   -95.79887009342120   450.   20.0
   256 181201 213649 300.0000000000000000   -85.36388073934761   -99.65647056590058   450.   20.0
   257 181201 213659 300.0000000000000000   -84.78749091724866  -102.68273534512798   450.   20.0
   258 181201 213709 300.0000000000000000   -84.19982699068304  -105.11117721406178   450.   20.0
   259 181201 213719 300.0000000000000000   -83.60398865262094  -107.09922028271933   450.   20.0
   260 181201 213729 300.0000000000000000   -83.00205632435426  -108.75534980162585   450.   20.0
   261 181201 213739 300.0000000000000000   -82.39546955439323  -110.15608674706390   450.   20.0
   262 181201 213749 300.0000000000000000   -81.78525183854100  -111.35663158780375   450.   20.0
   263 181201 213759 300.0000000000000000   -81.17214851999222  -112.39764315457151   450.   20.0
   264 181201 213809 300.0000000000000000   -80.55671398210460  -113.30964404792468   450.   20.0
   265 181201 213819 300.0000000000000000   -79.93936834914160  -114.11594533755874   450.   20.0
   266 181201 213829 300.0000000000000000   -79.32043531489454  -114.83462934393697   450.   20.0
   267 181201 213839 300.0000000000000000   -78.70016797382462  -115.47992086675009   450.   20.0
   268 181201 213849 300.0000000000000000   -78.07876683661061  -116.06315327408538   450.   20.0
   269 181201 213859 300.0000000000000000   -77.45639263324399  -116.59346098284090   450.   20.0
   270 181201 213909 300.0000000000000000   -76.83317557333767  -117.07828377148587   450.   20.0
   271 181201 213919 300.0000000000000000   -76.20922215653479  -117.52373947435980   450.   20.0
   272 181201 213929 300.0000000000000000   -75.58462022802590  -117.93490317269280   450.   20.0
   273 181201 213939 300.0000000000000000   -74.95944283661896  -118.31601892550148   450.   20.0
   274 181201 213949 300.0000000000000000   -74.33375112953730  -118.67066225768470   450.   20.0
   275 181201 213959 300.0000000000000000   -73.70759664712857  -119.00186613074771   450.   20.0
   276 181201 214009 300.0000000000000000   -73.08102307072394  -119.31221962793899   450.   20.0
   277 181201 214019 300.0000000000000000   -72.45406762663160  -119.60394594142208   450.   20.0
   278 181201 214029 300.0000000000000000   -71.82676219041696  -119.87896454925593   450.   20.0
   279 181201 214039 300.0000000000000000   -71.19913418758223  -120.13894117888891   450.   20.0
   280 181201 214049 300.0000000000000000   -70.57120729812480  -120.38532825723487   450.   20.0
   281 181201 214059 300.0000000000000000   -69.94300205224594  -120.61939788871165   450.   20.0
   282 181201 214109 300.0000000000000000   -69.31453630861927  -120.84226891782123   450.   20.0
   283 181201 214119 300.0000000000000000   -68.68582565098862  -121.05492927463892   450.   20.0
   284 181201 214129 300.0000000000000000   -68.05688371618545  -121.25825453297716   450.   20.0
   285 181201 214139 300.0000000000000000   -67.42772246952509  -121.45302340667993   450.   20.0
   286 181201 214149 300.0000000000000000   -66.79835243468929  -121.63993075696729   450.   20.0
   287 181201 214159 300.0000000000000000   -66.16878288668546  -121.81959856383040   450.   20.0
   288 181201 214209 300.0000000000000000   -65.53902201730810  -121.99258522218831   450.   20.0
   289 181201 214219 300.0000000000000000   -64.90907707549583  -122.15939345382561   450.   20.0
   290 181201 214229 300.0000000000000000   -64.27895448423932  -122.32047706990113   450.   20.0
   291 181201 214239 300.0000000000000000   -63.64865994579535  -122.47624677193022   450.   20.0
   292 181201 214249 300.0000000000000000   -63.01819853150761  -122.62707514807789   450.   20.0
   293 181201 214259 300.0000000000000000   -62.38757475201611  -122.77330099332444   450.   20.0
   294 181201 214309 300.0000000000000000   -61.75679263420479  -122.91523305255879   450.   20.0
   295 181201 214319 300.0000000000000000   -61.12585576582111  -123.05315328256474   450.   20.0
   296 181201 214329 300.0000000000000000   -60.49476735945703  -123.18731969368429   450.   20.0
   297 181201 214339 300.0000000000000000   -59.86353028667549  -123.31796884229729   450.   20.0
   298 181201 214349 300.0000000000000000   -59.23214712191615  -123.44531801613272   450.   20.0
   299 181201 214359 300.0000000000000000   -58.60062017602313  -123.56956715922938   450.   20.0
   300 181201 214409 300.0000000000000000   -57.96895152625911  -123.69090057097785   450.   20.0
   301 181201 214419 300.0000000000000000   -57.33714304373370  -123.80948840946611   450.   20.0
   302 181201 214429 300.0000000000000000   -56.70519641294752  -123.92548802593718   450.   20.0
   303 181201 214439 300.0000000000000000   -56.07311316301672  -124.03904514880684   450.   20.0
   304 181201 214449 300.0000000000000000   -55.44089467432779  -124.15029494260267   450.   20.0
   305 181201 214459 300.0000000000000000   -54.80854220166267  -124.25936295059334   450.   20.0
   306 181201 214509 300.0000000000000000   -54.17605689376646  -124.36636593860206   450.   20.0
   307 181201 214519 300.0000000000000000   -53.54343979464416  -124.47141265435820   450.   20.0
   308 181201 214529 300.0000000000000000   -52.91069186759416  -124.57460450591859   450.   20.0
   309 181201 214539 300.0000000000000000   -52.27781400011802  -124.67603617507827   450.   20.0
   310 181201 214549 300.0000000000000000   -51.64480701411543  -124.77579616956383   450.   20.0
   311 181201 214559 300.0000000000000000   -51.01167167735866  -124.87396732149753   450.   20.0
   312 181201 214609 300.0000000000000000   -50.37840870934514  -124.97062723913467   450.   20.0
   313 181201 214619 300.0000000000000000   -49.74501879024511  -125.06584871572399   450.   20.0
   314 181201 214629 300.0000000000000000   -49.11150256707552  -125.15970010094259   450.   20.0
   315 181201 214639 300.0000000000000000   -48.47786065999662  -125.25224563848201   450.   20.0
   316 181201 214649 300.0000000000000000   -47.84409366795806  -125.34354577343569   450.   20.0
   317 181201 214659 300.0000000000000000   -47.21020217385922  -125.43365743258599   450.   20.0
   318 181201 214709 300.0000000000000000   -46.57618674906437  -125.52263428037227   450.   20.0
   319 181201 214719 300.0000000000000000   -45.94204795773460  -125.61052695291988   450.   20.0
   320 181201 214729 300.0000000000000000   -45.30778636077028  -125.69738327232099   450.   20.0
   321 181201 214739 300.0000000000000000   -44.67340251942439  -125.78324844308275   450.   20.0
   322 181201 214749 300.0000000000000000   -44.03889699824065  -125.86816523249976   450.   20.0
   323 181201 214759 300.0000000000000000   -43.40427036859310  -125.95217413630822   450.   20.0
   324 181201 214809 300.0000000000000000   -42.76952321103060  -126.03531353122285   450.   20.0
   325 181201 214819 300.0000000000000000   -42.13465611787478  -126.11761981538865   450.   20.0
   326 181201 214829 300.0000000000000000   -41.49966969575851  -126.19912753788586   450.   20.0
   327 181201 214839 300.0000000000000000   -40.86456456748603  -126.27986951835123   450.   20.0
   328 181201 214849 300.0000000000000000   -40.22934137412190  -126.35987695748730   450.   20.0
   329 181201 214859 300.0000000000000000   -39.59400077667243  -126.43917953933672   450.   20.0
   330 181201 214909 300.0000000000000000   -38.95854345783316  -126.51780552598272   450.   20.0
   331 181201 214919 300.0000000000000000   -38.32297012325110  -126.59578184539278   450.   20.0
   332 181201 214929 300.0000000000000000   -37.68728150309344  -126.67313417289381   450.   20.0
   333 181201 214939 300.0000000000000000   -37.05147835320123  -126.74988700689494   450.   20.0