2022-01-01 00:00:00         89.08917       6867.53816         60.89581          0.00102        211.94344
2022-01-02 00:00:00         89.08846       6867.73252         60.75958          0.00101        214.16773
2022-01-03 00:00:00         89.08765       6867.53444         60.62323          0.00104        213.16545
2022-01-04 00:00:00         89.08706       6867.72150         60.48671          0.00104        209.05275
2022-01-05 00:00:00         89.08694       6867.53824         60.35014          0.00108        201.66783
2022-01-06 00:00:00         89.08684       6867.68325         60.21371          0.00111        197.17525
2022-01-07 00:00:00         89.08660       6867.56566         60.07733          0.00116        192.57291
2022-01-08 00:00:00         89.08644       6867.64788         59.94100          0.00120        188.21526
2022-01-09 00:00:00         89.08633       6867.60265         59.80477          0.00126        183.25908
2022-01-10 00:00:00         89.08654       6867.59657         59.66848          0.00134        180.72244
2022-01-11 00:00:00         89.08676       6867.62962         59.53234          0.00140        177.95855
2022-01-12 00:00:00         89.08653       6867.54569         59.39622          0.00146        175.69714
2022-01-13 00:00:00         89.08613       6867.66170         59.26003          0.00153        172.26901
2022-01-14 00:00:00         89.08560       6867.51126         59.12379          0.00162        169.46943
2022-01-15 00:00:00         89.08522       6867.67468         58.98737          0.00168        167.32349
2022-01-16 00:00:00         89.08502       6867.47206         58.85085          0.00176        165.34734
2022-01-17 00:00:00         89.08453       6867.66335         58.71439          0.00182        161.91252
2022-01-18 00:00:00         89.08390       6867.46164         58.57778          0.00190        158.94825
2022-01-19 00:00:00         89.08336       6867.64462         58.44113          0.00196        157.03968
2022-01-20 00:00:00         89.08298       6867.47048         58.30442          0.00204        155.22739
2022-01-21 00:00:00         89.08310       6867.60705         58.16766          0.00211        152.21845
2022-01-22 00:00:00         89.08320       6867.48461         58.03114          0.00218        149.31048
2022-01-23 00:00:00         89.08316       6867.56011         57.89467          0.00225        147.17826
2022-01-24 00:00:00         89.08311       6867.51927         57.75827          0.00231        145.11407
2022-01-25 00:00:00         89.08301       6867.51295         57.62190          0.00236        142.70154
2022-01-26 00:00:00         89.08309       6867.54895         57.48549          0.00244        140.10805
2022-01-27 00:00:00         89.08318       6867.45698         57.34912          0.00251        137.80193
2022-01-28 00:00:00         89.08280       6867.57008         57.21276          0.00255        135.45758
2022-01-29 00:00:00         89.08215       6867.41610         57.07615          0.00259        133.32294
2022-01-30 00:00:00         89.08141       6867.58566         56.93948          0.00265        130.77571
2022-01-31 00:00:00         89.08088       6867.39076         56.80261          0.00273        128.47460
2022-02-01 00:00:00         89.08084       6867.57533         56.66569          0.00276        126.36260
2022-02-02 00:00:00         89.08068       6867.36994         56.52891          0.00280        124.28661
2022-02-03 00:00:00         89.08051       6867.55292         56.39215          0.00285        121.54857
2022-02-04 00:00:00         89.08039       6867.37397         56.25552          0.00290        119.14925
2022-02-05 00:00:00         89.08041       6867.51328         56.11894          0.00293        117.24003
2022-02-06 00:00:00         89.08078       6867.38241         55.98238          0.00296        115.35906
2022-02-07 00:00:00         89.08105       6867.45432         55.84598          0.00299        112.60823
2022-02-08 00:00:00         89.08089       6867.40375         55.70965          0.00303        110.19214
2022-02-09 00:00:00         89.08057       6867.40485         55.57324          0.00306        108.15311
2022-02-10 00:00:00         89.08014       6867.43548         55.43679          0.00307        106.10081
2022-02-11 00:00:00         89.07991       6867.34637         55.30014          0.00308        103.74943
2022-02-12 00:00:00         89.07985       6867.44006         55.16352          0.00312        101.53599
2022-02-13 00:00:00         89.07942       6867.29122         55.02691          0.00315         99.30751
2022-02-14 00:00:00         89.07891       6867.45102         54.89018          0.00314         96.98381
2022-02-15 00:00:00         89.07842       6867.26142         54.75340          0.00313         94.76728
2022-02-16 00:00:00         89.07825       6867.45012         54.61656          0.00315         92.66789
2022-02-17 00:00:00         89.07854       6867.24053         54.47977          0.00317         90.51582
2022-02-18 00:00:00         89.07874       6867.42466         54.34321          0.00316         88.26188
2022-02-19 00:00:00         89.07878       6867.23849         54.20671          0.00314         85.95828
2022-02-20 00:00:00         89.07882       6867.39366         54.07027          0.00314         83.59573
2022-02-21 00:00:00         89.07887       6867.25613         53.93393          0.00314         81.46513
2022-02-22 00:00:00         89.07921       6867.34569         53.79754          0.00312         79.52279
2022-02-23 00:00:00         89.07937       6867.26840         53.66130          0.00309         77.32583
2022-02-24 00:00:00         89.07906       6867.29025         53.52498          0.00308         74.63413
2022-02-25 00:00:00         89.07855       6867.29727         53.38854          0.00307         72.47760
2022-02-26 00:00:00         89.07795       6867.24318         53.25199          0.00304         70.53677
2022-02-27 00:00:00         89.07770       6867.32209         53.11528          0.00300         68.36012
2022-02-28 00:00:00         89.07776       6867.18809         52.97857          0.00297         65.76410
2022-03-01 00:00:00         89.07766       6867.32880         52.84201          0.00295         63.71125
2022-03-02 00:00:00         89.07755       6867.15285         52.70545          0.00292         61.55448
2022-03-03 00:00:00         89.07756       6867.33650         52.56902          0.00286         59.14268
2022-03-04 00:00:00         89.07779       6867.13088         52.43264          0.00281         56.66954
2022-03-05 00:00:00         89.07841       6867.31184         52.29637          0.00278         54.78914
2022-03-06 00:00:00         89.07869       6867.10659         52.16034          0.00275         52.63186
2022-03-07 00:00:00         89.07864       6867.27403         52.02430          0.00268         50.15763
2022-03-08 00:00:00         89.07841       6867.10831         51.88825          0.00262         47.52629
2022-03-09 00:00:00         89.07817       6867.23142         51.75212          0.00257         58.16736
2022-03-10 00:00:00         89.07821       6867.11760         51.61590          0.00253         65.99555
2022-03-11 00:00:00         89.07817       6867.16363         51.47973          0.00246         70.49937
2022-03-12 00:00:00         89.07777       6867.12252         51.34354          0.00239         74.75201
2022-03-13 00:00:00         89.07734       6867.10320         51.20721          0.00234         77.97611
2022-03-14 00:00:00         89.07700       6867.13599         51.07090          0.00227         79.44164
2022-03-15 00:00:00         89.07706       6867.03650         50.93450          0.00220         81.95962
2022-03-16 00:00:00         89.07745       6867.13688         50.79825          0.00212         83.80791
2022-03-17 00:00:00         89.07759       6866.98407         50.66216          0.00207         88.14391
2022-03-18 00:00:00         89.07772       6867.14417         50.52613          0.00200         86.88051
2022-03-19 00:00:00         89.07782       6866.95394         50.39023          0.00193         88.85227
2022-03-20 00:00:00         89.07812       6867.13900         50.25438          0.00184         89.79175
2022-03-21 00:00:00         89.07861       6866.92580         50.11859          0.00177         95.26548
2022-03-22 00:00:00         89.07870       6867.11022         49.98291          0.00170         92.23651
2022-03-23 00:00:00         89.07837       6866.91871         49.84717          0.00165        110.67471
2022-03-24 00:00:00         89.07791       6867.07812         49.71133          0.00156        138.17541
2022-03-25 00:00:00         89.07747       6866.92365         49.57536          0.00148        155.58055
2022-03-26 00:00:00         89.07745       6867.02667         49.43922          0.00141        166.15486
2022-03-27 00:00:00         89.07744       6866.92549         49.30321          0.00135        175.24606
2022-03-28 00:00:00         89.07724       6866.96303         49.16722          0.00128        185.22682
2022-03-29 00:00:00         89.07717       6866.93559         49.03130          0.00122        192.51964
2022-03-30 00:00:00         89.07722       6866.90285         48.89545          0.00118        198.77335
2022-04-01 00:00:00         89.07827       6866.81955         48.62406          0.00108        202.94897
2022-04-02 00:00:00         89.07842       6866.91961         48.48866          0.00105        205.17319
2022-04-03 00:00:00         89.07835       6866.75708         48.35323          0.00104        208.83946
2022-04-04 00:00:00         89.07817       6866.91001         48.21784          0.00101        209.69998
2022-04-05 00:00:00         89.07808       6866.70610         48.08232          0.00102        208.96148
2022-04-06 00:00:00         89.07822       6866.87993         47.94677          0.00101        210.01436
2022-04-07 00:00:00         89.07794       6866.66531         47.81127          0.00104        208.52906
2022-04-08 00:00:00         89.07748       6866.84711         47.67568          0.00103        205.88693
2022-04-09 00:00:00         89.07701       6866.64659         47.54004          0.00107        200.42423
2022-04-10 00:00:00         89.07676       6866.80425         47.40431          0.00110        196.24522
2022-04-11 00:00:00         89.07697       6866.63043         47.26855          0.00116        191.26855
2022-04-12 00:00:00         89.07714       6866.74640         47.13293          0.00120        186.26839
2022-04-13 00:00:00         89.07709       6866.63494         46.99742          0.00125        181.55612
2022-04-14 00:00:00         89.07714       6866.69640         46.86199          0.00132        179.63332
2022-04-15 00:00:00         89.07726       6866.64482         46.72667          0.00139        177.22553
2022-04-16 00:00:00         89.07774       6866.63250         46.59134          0.00146        174.75815
2022-04-17 00:00:00         89.07813       6866.64770         46.45619          0.00153        171.03025
2022-04-18 00:00:00         89.07794       6866.57425         46.32108          0.00161        168.48696
2022-04-19 00:00:00         89.07754       6866.66020         46.18593          0.00167        166.30276
2022-04-20 00:00:00         89.07699       6866.52775         46.05063          0.00174        164.39540
2022-04-21 00:00:00         89.07671       6866.65990         45.91514          0.00182        161.22465
2022-04-22 00:00:00         89.07663       6866.47164         45.77959          0.00191        158.41351
2022-04-23 00:00:00         89.07629       6866.64208         45.64410          0.00196        156.15664
2022-04-24 00:00:00         89.07593       6866.43578         45.50860          0.00202        154.33900
2022-04-25 00:00:00         89.07575       6866.62307         45.37315          0.00210        151.39311
2022-04-26 00:00:00         89.07586       6866.40937         45.23773          0.00218        148.75059
2022-04-27 00:00:00         89.07641       6866.58031         45.10239          0.00224        146.73023
2022-04-28 00:00:00         89.07661       6866.37945         44.96730          0.00230        144.75247
2022-04-29 00:00:00         89.07654       6866.52680         44.83227          0.00236        141.74253
2022-04-30 00:00:00         89.07634       6866.36737         44.69728          0.00243        139.24183
2022-05-01 00:00:00         89.07613       6866.47271         44.56222          0.00249        137.37081
2022-05-02 00:00:00         89.07619       6866.36449         44.42707          0.00255        135.45769
2022-05-03 00:00:00         89.07603       6866.41260         44.29195          0.00260        132.64504
2022-05-04 00:00:00         89.07545       6866.37186         44.15680          0.00266        130.04429
2022-05-05 00:00:00         89.07483       6866.36193         44.02153          0.00271        128.03161
2022-05-06 00:00:00         89.07428       6866.38771         43.88619          0.00275        126.03198
2022-05-07 00:00:00         89.07416       6866.30950         43.75068          0.00279        123.74067
2022-05-08 00:00:00         89.07420       6866.38800         43.61527          0.00285        121.25475
2022-05-09 00:00:00         89.07393       6866.25955         43.47991          0.00290        118.95986
2022-05-10 00:00:00         89.07372       6866.39704         43.34461          0.00292        116.75470
2022-05-11 00:00:00         89.07358       6866.22605         43.20936          0.00294        114.68325
2022-05-12 00:00:00         89.07382       6866.39217         43.07412          0.00299        112.42246
2022-05-13 00:00:00         89.07423       6866.18373         42.93900          0.00304        110.16133
2022-05-14 00:00:00         89.07419       6866.36829         42.80404          0.00305        107.87136
2022-05-15 00:00:00         89.07381       6866.15587         42.66906          0.00305        105.71800
2022-05-16 00:00:00         89.07328       6866.34050         42.53399          0.00308        103.39740
2022-05-17 00:00:00         89.07275       6866.13502         42.39873          0.00312        101.22211
2022-05-18 00:00:00         89.07253       6866.28734         42.26332          0.00312         99.20260
2022-05-19 00:00:00         89.07201       6866.10871         42.12791          0.00312         97.03770
2022-05-20 00:00:00         89.07137       6866.23403         41.99240          0.00314         94.45356
2022-05-21 00:00:00         89.07086       6866.10018         41.85687          0.00315         92.24040
2022-05-22 00:00:00         89.07064       6866.17226         41.72131          0.00314         90.33635
2022-05-23 00:00:00         89.07093       6866.08703         41.58583          0.00313         88.32464
2022-05-24 00:00:00         89.07114       6866.10371         41.45053          0.00314         85.70461
2022-05-25 00:00:00         89.07098       6866.08636         41.31535          0.00314         83.45977
2022-05-26 00:00:00         89.07075       6866.04990         41.18019          0.00313         81.43786
2022-05-27 00:00:00         89.07047       6866.09580         41.04505          0.00310         79.31585
2022-05-28 00:00:00         89.07042       6865.99634         40.90979          0.00308         76.83572
2022-05-29 00:00:00         89.07030       6866.08723         40.77461          0.00307         74.82592
2022-05-30 00:00:00         89.06967       6865.94826         40.63934          0.00306         72.68942
2022-05-31 00:00:00         89.06896       6866.09533         40.50398          0.00302         70.28734
2022-06-01 00:00:00         89.06822       6865.92302         40.36850          0.00298         67.78750
2022-06-02 00:00:00         89.06783       6866.11128         40.23285          0.00296         65.88562
2022-06-03 00:00:00         89.06768       6865.90772         40.09720          0.00294         63.87397
2022-06-04 00:00:00         89.06725       6866.10154         39.96159          0.00289         61.41356
2022-06-05 00:00:00         89.06681       6865.89778         39.82595          0.00284         58.77714
2022-06-06 00:00:00         89.06648       6866.09157         39.69035          0.00281         56.77391
2022-06-07 00:00:00         89.06643       6865.89369         39.55471          0.00278         54.72934
2022-06-08 00:00:00         89.06675       6866.05971         39.41918          0.00271         52.49650
2022-06-09 00:00:00         89.06673       6865.88712         39.28383          0.00265         49.90135
2022-06-10 00:00:00         89.06646       6866.03054         39.14849          0.00262         48.58394
2022-06-11 00:00:00         89.06603       6865.89969         39.01316          0.00257         59.84591
2022-06-12 00:00:00         89.06558       6865.99423         38.87767          0.00250         66.88398
2022-06-13 00:00:00         89.06531       6865.90197         38.74209          0.00243         72.46019
2022-06-14 00:00:00         89.06475       6865.94071         38.60646          0.00239         74.95223
2022-06-15 00:00:00         89.06390       6865.91028         38.47066          0.00233         77.23145
2022-06-16 00:00:00         89.06318       6865.89468         38.33471          0.00226         79.92871
2022-06-17 00:00:00              nan              nan              nan              nan              nan
2022-06-18 00:00:00         89.06271       6865.84601         38.06271          0.00212         85.92234
2022-06-19 00:00:00         89.06284       6865.91892         37.92692          0.00205         85.56712
2022-06-20 00:00:00         89.06267       6865.79940         37.79117          0.00199         87.43407
2022-06-21 00:00:00         89.06250       6865.92720         37.65555          0.00191         89.06502
2022-06-23 00:00:00         89.06225       6866.40281         37.38438          0.00175         91.20606
2022-06-24 00:00:00         89.06220       6866.20662         37.24883          0.00169         92.85446
2022-06-25 00:00:00         89.06166       6866.39684         37.11326          0.00161         97.07535
2022-06-26 00:00:00         89.06097       6866.19170         36.97758          0.00155        128.80613
2022-06-27 00:00:00         89.06026       6866.38498         36.84183          0.00147        144.78470
2022-06-28 00:00:00         89.05976       6866.18508         36.70589          0.00141        156.65360
2022-06-29 00:00:00         89.05955       6866.35905         36.56991          0.00133        168.22346
2022-06-30 00:00:00         89.05902       6866.18656         36.43392          0.00127        177.85747
2022-07-01 00:00:00         89.05850       6866.33583         36.29789          0.00121        184.79258
2022-07-02 00:00:00         89.05809       6866.20462         36.16190          0.00117        189.47949
2022-07-03 00:00:00         89.05794       6866.30119         36.02583          0.00111        194.63825
2022-07-04 00:00:00         89.05817       6866.21562         35.88986          0.00107        196.33526
2022-07-05 00:00:00         89.05822       6866.25449         35.75403          0.00104        198.60268
2022-07-06 00:00:00         89.05803       6866.23734         35.61828          0.00102        200.24723
2022-07-07 00:00:00         89.05781       6866.21741         35.48258          0.00101        202.40206
2022-07-08 00:00:00         89.05750       6866.25487         35.34686          0.00100        203.66958
2022-07-09 00:00:00         89.05741       6866.16744         35.21104          0.00101        203.99029
2022-07-10 00:00:00         89.05710       6866.26084         35.07526          0.00101        201.38922
2022-07-11 00:00:00         89.05631       6866.12743         34.93929          0.00103        199.04374
2022-07-12 00:00:00         89.05555       6866.26856         34.80323          0.00104        198.02719
2022-07-13 00:00:00         89.05485       6866.09282         34.66701          0.00109        194.97768
2022-07-14 00:00:00         89.05468       6866.26345         34.53067          0.00112        189.20326
2022-07-15 00:00:00         89.05475       6866.05739         34.39443          0.00118        183.47620
2022-07-16 00:00:00         89.05462       6866.24604         34.25830          0.00122        180.87654
2022-07-17 00:00:00         89.05452       6866.03954         34.12232          0.00129        179.25282
2022-07-18 00:00:00         89.05445       6866.22788         33.98645          0.00134        175.84303
2022-07-19 00:00:00         89.05453       6866.02677         33.85057          0.00143        172.43823
2022-07-20 00:00:00         89.05476       6866.18380         33.71476          0.00149        170.54022
2022-07-21 00:00:00         89.05445       6866.01575         33.57904          0.00156        168.54260
2022-07-22 00:00:00         89.05394       6866.14797         33.44325          0.00162        165.65676
2022-07-23 00:00:00         89.05333       6866.02331         33.30743          0.00170        162.67727
2022-07-24 00:00:00         89.05287       6866.10784         33.17140          0.00177        160.79971
2022-07-25 00:00:00         89.05272       6866.03033         33.03534          0.00185        158.67612
2022-07-26 00:00:00         89.05234       6866.06056         32.89927          0.00190        155.99804
2022-07-27 00:00:00         89.05178       6866.04954         32.76316          0.00197        153.07739
2022-07-28 00:00:00         89.05137       6866.02604         32.62704          0.00205        151.06286
2022-07-29 00:00:00         89.05116       6866.07085         32.49089          0.00212        149.04038
2022-07-30 00:00:00         89.05143       6865.98387         32.35475          0.00217        146.84760
2022-07-31 00:00:00         89.05164       6866.08060         32.21882          0.00224        143.93535
2022-08-01 00:00:00         89.05153       6865.95275         32.08293          0.00232        141.58096
2022-08-02 00:00:00         89.05146       6866.09680         31.94720          0.00236        139.53009
2022-08-03 00:00:00         89.05134       6866.67754         31.81149          0.00233        137.17640
2022-08-04 00:00:00         89.05150       6867.05538         31.67580          0.00238        134.43183
2022-08-05 00:00:00         89.05152       6866.85254         31.54020          0.00245        131.99136
2022-08-06 00:00:00         89.05103       6867.04526         31.40455          0.00248        129.90163
2022-08-07 00:00:00         89.05036       6866.84523         31.26882          0.00251        128.16114
2022-08-08 00:00:00         89.04970       6867.02506         31.13294          0.00257        125.64122
2022-08-09 00:00:00         89.04937       6866.83930         30.99687          0.00263        123.39246
2022-08-10 00:00:00         89.04943       6866.97568         30.86079          0.00267        121.47100
2022-08-11 00:00:00         89.04929       6866.84134         30.72484          0.00269        119.52752
2022-08-12 00:00:00         89.04917       6866.93105         30.58893          0.00273        116.82007
2022-08-13 00:00:00         89.04916       6866.86166         30.45319          0.00277        114.68481
2022-08-14 00:00:00         89.04938       6866.88151         30.31748          0.00281        112.91558
2022-08-15 00:00:00         89.04988       6866.87437         30.18194          0.00283        110.96938
2022-08-16 00:00:00         89.05000       6866.82043         30.04655          0.00285        108.41194
2022-08-17 00:00:00         89.04969       6866.89252         29.91118          0.00288        106.14991
2022-08-18 00:00:00         89.04924       6866.77634         29.77577          0.00291        104.20142
2022-08-19 00:00:00         89.04883       6866.90245         29.64027          0.00291        102.20267
2022-08-20 00:00:00         89.04874       6866.72746         29.50465          0.00292        100.08296
2022-08-21 00:00:00         89.04860       6866.87682         29.36910          0.00295         97.93418
2022-08-22 00:00:00         89.04809       6866.69934         29.23346          0.00297         95.66513
2022-08-23 00:00:00         89.04765       6866.89367         29.09780          0.00296         93.52304
2022-08-24 00:00:00         89.04733       6866.69289         28.96214          0.00294         91.54196
2022-08-25 00:00:00         89.04748       6866.87764         28.82641          0.00296         89.47091
2022-08-26 00:00:00         89.04784       6866.68890         28.69087          0.00298         87.31983
2022-08-27 00:00:00         89.04792       6866.84533         28.55544          0.00296         85.17567
2022-08-28 00:00:00         89.04788       6866.70234         28.42011          0.00293         83.00853
2022-08-29 00:00:00         89.04786       6866.81093         28.28488          0.00293         80.71841
2022-08-30 00:00:00         89.04801       6866.72142         28.14966          0.00293         78.76498
2022-08-31 00:00:00         89.04832       6866.75694         28.01452          0.00291         76.91127
2022-09-01 00:00:00         89.04822       6866.73530         27.87950          0.00288         74.70194
2022-09-02 00:00:00         89.04772       6866.71013         27.74435          0.00286         72.01021
2022-09-03 00:00:00         89.04713       6866.75995         27.60916          0.00284         70.10925
2022-09-04 00:00:00         89.04665       6866.66117         27.47376          0.00281         68.33271
2022-09-05 00:00:00         89.04660       6866.75914         27.33831          0.00277         66.19768
2022-09-06 00:00:00         89.04652       6866.59986         27.20291          0.00273         63.56842
2022-09-07 00:00:00         89.04628       6866.75661         27.06749          0.00271         61.59855
2022-09-08 00:00:00         89.04615       6866.56747         26.93214          0.00269         59.60662
2022-09-09 00:00:00         89.04625       6866.75005         26.79689          0.00262         57.36149
2022-09-10 00:00:00         89.04672       6866.53502         26.66176          0.00257         54.95792
2022-09-11 00:00:00         89.04720       6866.71541         26.52687          0.00254         53.15161
2022-09-12 00:00:00         89.04714       6866.51135         26.39207          0.00251         52.56300
2022-09-13 00:00:00         89.04686       6866.67976         26.25726          0.00244         62.33917
2022-09-14 00:00:00         89.04646       6866.50608         26.12246          0.00237         70.37950
2022-09-15 00:00:00         89.04629       6866.63083         25.98751          0.00233         73.28776
2022-09-17 00:00:00         89.04583       6866.57305         25.71766          0.00222         78.90010
2022-09-18 00:00:00         89.04529       6866.50927         25.58263          0.00215         82.43145
2022-09-19 00:00:00         89.04482       6866.52373         25.44756          0.00210         84.19654
2022-09-20 00:00:00         89.04468       6866.52087         25.31244          0.00204         84.93318
2022-09-21 00:00:00         89.04495       6866.46199         25.17735          0.00197         86.82043
2022-09-22 00:00:00         89.04507       6866.52586         25.04247          0.00190         88.67648
2022-09-23 00:00:00         89.04499       6866.41470         24.90758          0.00185         91.74363
2022-09-24 00:00:00         89.04493       6866.53454         24.77283          0.00178         90.43509
2022-09-25 00:00:00         89.04497       6866.36928         24.63811          0.00171         92.09954
2022-09-26 00:00:00         89.04533       6866.52578         24.50347          0.00163         92.81442
2022-09-27 00:00:00         89.04542       6866.32334         24.36901          0.00157         97.47974
2022-09-28 00:00:00         89.04505       6866.50609         24.23448          0.00151         95.60638
2022-09-29 00:00:00         89.04447       6866.29728         24.09989          0.00145        118.28085
2022-09-30 00:00:00         89.04388       6866.48308         23.96519          0.00137        139.18570
2022-10-01 00:00:00         89.04361       6866.27195         23.83033          0.00131        153.72408
2022-10-02 00:00:00         89.04343       6866.43186         23.69548          0.00124        161.08434
2022-10-03 00:00:00         89.04300       6866.24851         23.56058          0.00121        168.26892
2022-10-04 00:00:00         89.04263       6866.37422         23.42563          0.00114        177.09696
2022-10-05 00:00:00         89.04244       6866.23457         23.29077          0.00110        181.91218
2022-10-06 00:00:00         89.04268       6866.30297         23.15591          0.00106        184.76277
2022-10-07 00:00:00         89.04312       6866.20688         23.02129          0.00103        186.30513
2022-10-08 00:00:00         89.04318       6866.22074         22.88681          0.00101        189.07995
2022-10-09 00:00:00         89.04296       6866.19291         22.75238          0.00100        190.29229
2022-10-10 00:00:00         89.04259       6866.14394         22.61799          0.00099        192.20890
2022-10-11 00:00:00         89.04231       6866.17509         22.48352          0.00098        191.42537
2022-10-12 00:00:00         89.04220       6866.06732         22.34899          0.00100        190.27105
2022-10-13 00:00:00         89.04176       6866.15675         22.21450          0.00100        189.46024
2022-10-14 00:00:00         89.04105       6866.00588         22.07983          0.00102        188.86291
2022-10-15 00:00:00         89.04039       6866.14092         21.94513          0.00104        185.48640
2022-10-16 00:00:00         89.03993       6865.95249         21.81030          0.00109        181.64556
2022-10-17 00:00:00         89.03994       6866.11491         21.67543          0.00112        179.01745
2022-10-18 00:00:00         89.03985       6865.90493         21.54069          0.00118        177.34905
2022-10-19 00:00:00         89.03959       6866.09224         21.40595          0.00122        174.27308
2022-10-20 00:00:00         89.03934       6865.88214         21.27129          0.00129        171.51186
2022-10-21 00:00:00         89.03923       6866.06838         21.13667          0.00135        170.20633
2022-10-22 00:00:00         89.03945       6865.86153         21.00207          0.00143        168.78630
2022-10-23 00:00:00         89.03957       6866.01858         20.86765          0.00148        165.53922
2022-10-24 00:00:00         89.03922       6865.84242         20.73327          0.00155        162.56411
2022-10-25 00:00:00         89.03866       6865.98137         20.59884          0.00161        161.02914
2022-10-26 00:00:00         89.03798       6866.67340         20.46438          0.00168        158.15762
2022-10-27 00:00:00         89.03755       6866.88720         20.32971          0.00175        155.39034
2022-10-28 00:00:00         89.03718       6866.80434         20.19504          0.00182        152.53667
2022-10-29 00:00:00         89.03651       6866.81534         20.06027          0.00189        150.58631
2022-10-30 00:00:00         89.03584       6866.80847         19.92540          0.00194        148.68150
2022-10-31 00:00:00         89.03533       6866.74915         19.79049          0.00200        146.64949
2022-11-01 00:00:00         89.03523       6866.80611         19.65556          0.00207        144.08746
2022-11-02 00:00:00         89.03549       6866.67667         19.52072          0.00215        141.93863
2022-11-03 00:00:00         89.03549       6866.79122         19.38612          0.00219        139.78160
2022-11-04 00:00:00         89.03523       6866.61073         19.25154          0.00223        137.91142
2022-11-05 00:00:00         89.03489       6866.77203         19.11705          0.00230        135.39041
2022-11-06 00:00:00         89.03450       6866.56517         18.98251          0.00237        133.20290
2022-11-07 00:00:00         89.03436       6866.74077         18.84789          0.00241        131.29142
2022-11-08 00:00:00         89.03389       6866.51516         18.71334          0.00245        129.43872
2022-11-09 00:00:00         89.03311       6866.69181         18.57864          0.00250        126.74546
2022-11-10 00:00:00         89.03226       6866.49417         18.44384          0.00256        124.42769
2022-11-11 00:00:00         89.03151       6866.65215         18.30890          0.00259        122.67121
2022-11-12 00:00:00         89.03118       6866.48477         18.17380          0.00263        121.01632
2022-11-13 00:00:00         89.03098       6866.59245         18.03877          0.00267        118.32627
2022-11-14 00:00:00         89.03053       6866.48228         17.90378          0.00272        115.96697
2022-11-15 00:00:00         89.03011       6866.54101         17.76875          0.00274        114.08158
2022-11-16 00:00:00         89.02975       6866.49981         17.63379          0.00276        112.27857
2022-11-17 00:00:00         89.02973       6866.48937         17.49876          0.00279        109.92213
2022-11-18 00:00:00         89.02989       6866.50466         17.36391          0.00283        107.78454
2022-11-19 00:00:00         89.02966       6866.43224         17.22917          0.00286        105.73100
2022-11-20 00:00:00         89.02918       6866.51911         17.09440          0.00286        103.58510
2022-11-21 00:00:00         89.02852       6866.39111         16.95961          0.00286        101.36875
2022-11-22 00:00:00         89.02794       6866.90750         16.82469          0.00287        100.31141
2022-11-23 00:00:00         89.02755       6866.82754         16.68967          0.00290         98.58854
2022-11-24 00:00:00         89.02687       6867.00239         16.55464          0.00289         96.37952
2022-11-25 00:00:00         89.02597       6866.80168         16.41938          0.00288         94.15869
2022-11-26 00:00:00         89.02522       6866.99383         16.28404          0.00290         92.04644
2022-11-27 00:00:00         89.02472       6866.78842         16.14861          0.00292         90.05702
2022-11-28 00:00:00         89.02479       6866.96058         16.01314          0.00290         88.15096
2022-11-29 00:00:00         89.02481       6866.77644         15.87791          0.00289         86.07177
2022-11-30 00:00:00         89.02461       6866.92254         15.74277          0.00289         83.67202
2022-12-01 00:00:00         89.02430       6866.78685         15.60770          0.00290         81.51986
2022-12-02 00:00:00         89.02393       6866.87480         15.47266          0.00287         79.71297
2022-12-03 00:00:00         89.02374       6866.79819         15.33755          0.00284         77.81089
2022-12-04 00:00:00         89.02350       6866.81456         15.20251          0.00283         75.37102
2022-12-05 00:00:00         89.02282       6866.80833         15.06748          0.00283         73.30499
2022-12-06 00:00:00         89.02200       6866.75801         14.93224          0.00280         71.34806
2022-12-07 00:00:00         89.02116       6866.82393         14.79692          0.00276         69.26477
2022-12-08 00:00:00         89.02056       6866.70146         14.66137          0.00272         66.83961
2022-12-09 00:00:00         89.02032       6866.81758         14.52585          0.00270         65.15784
2022-12-10 00:00:00         89.01987       6866.64656         14.39038          0.00269         63.21485
2022-12-11 00:00:00         89.01942       6866.81139         14.25482          0.00263         60.80882
2022-12-12 00:00:00         89.01899       6866.61069         14.11926          0.00258         58.30086
2022-12-13 00:00:00         89.01877       6866.79614         13.98372          0.00255         56.66624
2022-12-14 00:00:00         89.01892       6866.57992         13.84824          0.00252         54.85880
2022-12-15 00:00:00         89.01892       6866.75703         13.71297          0.00246         52.62357
2022-12-16 00:00:00         89.01862       6866.55912         13.57768          0.00240         60.81032
2022-12-17 00:00:00         89.01818       6866.71656         13.44240          0.00237         68.80753
2022-12-18 00:00:00         89.01764       6866.55900         13.30712          0.00232         73.21403
2022-12-19 00:00:00         89.01735       6866.66229         13.17171          0.00225         76.46425
2022-12-20 00:00:00         89.01693       6866.54803         13.03635          0.00219         80.43830
2022-12-21 00:00:00         89.01616       6866.59858         12.90082          0.00215         81.60457
2022-12-22 00:00:00         89.01533       6866.55796         12.76512          0.00210         83.07098
2022-12-23 00:00:00         89.01461       6866.54404         12.62931          0.00203         85.14920
2022-12-24 00:00:00         89.01438       6866.56512         12.49337          0.00195         87.51377
2022-12-25 00:00:00         89.01451       6866.48002         12.35752          0.00190         90.04234
2022-12-26 00:00:00         89.01444       6866.56731         12.22187          0.00184         89.21310
2022-12-27 00:00:00         89.01433       6866.42735         12.08625          0.00178         90.82861
2022-12-28 00:00:00         89.01413       6866.56522         11.95080          0.00170         91.85677
2022-12-29 00:00:00         89.01401       6866.38324         11.81532          0.00164         96.07472
2022-12-30 00:00:00         89.01407       6866.54538         11.67992          0.00157         93.63369
2022-12-31 00:00:00         89.01369       6866.33267         11.54463          0.00152         95.01278
