1 51456U 22010A   22036.79206563  .01955146  11611-4  10477-2 0  9993
2 51456  53.2164 163.8158 0055416 164.1133 190.5727 16.15309779  1613
1 51456U 22010A   22037.00001157  .32095965  11255-4  11260-1 0  9992
2 51456  53.2048 162.7192 0036672 173.5937 316.9172 16.22487318  1655
1 51456U 22010A   22037.04069646  .11946977  11273-4  41423-2 0  9993
2 51456  53.2328 162.4864 0042849 164.6839 199.8953 16.21947420  1653
1 51456U 22010A   22037.42167127  .10636010  11633-4  19791-2 0  9994
2 51456  53.2207 160.4676 0030572 163.3857 272.3059 16.29836613  1714
1 51456U 22010A   22037.42813000  .13898530  11599-4  22407-2 0  9991
2 51456  53.2030 160.4421 0031330 165.7556 307.8617 16.31142693  1716
1 51456U 22010A   22037.47007962  .18037560  11695-4  21420-2 0  9992
2 51456  53.1995 160.2239 0029574 171.8233 188.6363 16.34124365  1720
1 51456U 22010A   22037.53114294  .30610569  11921-4  23700-2 0  9991
2 51456  53.2117 159.8805 0022610 171.1807 189.2204 16.38321070  1732
1 51456U 22010A   22037.59202951  .49730979  12231-4  12303-2 0  9995
2 51456  53.2082 159.5480 0015581 174.4115 185.9843 16.44545333  1757

